cam0:
  T_cam_imu:
  - [0.019667917608774788, -0.9997965455088605, 0.004476673484094251, 0.02829168646237421]
  - [-0.0071501776986596655, -0.004618079984824608, -0.9999637734918856, -0.029465587449561095]
  - [0.9997810000074077, 0.019635196097887775, -0.007239550979546705, -0.21822045482116487]
  - [0.0, 0.0, 0.0, 1.0]
  cam_overlaps: []
  camera_model: pinhole
  distortion_coeffs: [0.09792175106190769, -0.24401118773578195, 0.0002518353402633126,
    -0.0008835815243340929]
  distortion_model: radtan
  intrinsics: [577.3176906945384, 582.4652819148957, 330.40441447512194, 232.83856667944409]
  resolution: [640, 480]
  rostopic: /red/color/image_raw
  timeshift_cam_imu: 0.015569344923335967
